-0.292659514,-0.516069288,0.021564547,0.144309983,-1
0.082403554,0.369887823,0.158172898,0.041437744,-1
-0.418376014,0.07231221,-0.24781426,0.696987731,1
-0.244286961,-0.85012905,-0.615081347,0.703994431,1
0.297947579,0.060597346,-0.626697043,0.96492106,-1
-0.280270472,-0.603399825,-0.675576559,-0.186771852,1
-0.402629705,-0.081183246,-0.466094382,-0.409301588,1
-0.861439373,0.58525357,-0.382417671,-0.855516458,1
-0.446538345,0.361589382,-0.707054982,-0.232220775,1
0.192951144,-0.391386763,0.1232098,0.177366005,-1
0.546547736,-0.365157692,-0.131714975,0.074338225,-1
-0.104443075,-0.172454296,-0.218427398,-0.231484687,-1
0.027869067,-0.619869145,-0.543138176,0.130279188,-1
-0.083544957,-0.131812952,0.159226546,0.304083831,-1
-0.788160941,0.244516718,0.172860729,0.120696521,1
-0.317332382,-0.397377363,0.183341703,-0.475238645,-1
0.717619457,-0.572779994,0.522240219,-0.525724321,-1
-0.688048481,0.397428752,0.456144617,0.177483905,1
0.113505052,-0.297100855,-0.388521172,0.508169984,-1
0.407039804,-0.340272549,0.746358087,0.025524934,-1
0.213106151,-0.029719298,-0.376062798,0.63814818,-1
0.045420872,0.852180662,-0.681173352,0.102666896,1
0.067293101,-0.596562745,0.00739907,-0.282494335,-1
-0.114067294,0.363427334,0.177792203,0.752538713,-1
-0.268905716,-0.242962024,0.639215794,0.620540021,-1
-0.000843375,-0.452164275,0.508264449,0.475409606,-1
-0.142193543,-0.211923377,-0.635831476,-0.026185504,1
-0.300744946,-0.141717032,-0.632053472,0.495470972,1
0.336601102,-0.477853769,-0.350788225,-0.032771118,-1
0.384678385,0.495899503,-0.52423555,-0.597229929,-1
-0.645134488,-0.272496952,0.242719394,0.288382835,1
0.289091761,-0.051641679,0.048507092,-0.19620054,-1
0.149502524,0.878821206,0.016115478,-0.334940097,-1
-0.035557701,0.590989895,0.227548251,0.143193177,-1
-0.572454493,0.530496789,-0.802914882,-0.399151899,1
0.024790635,-0.204503662,0.051188176,0.306357202,-1
0.03358715,-0.202638086,-0.395492798,0.376508429,-1
0.500281339,0.073205542,0.183658141,-0.340843014,-1
-0.464690194,0.33409819,0.256896565,0.565984341,1
0.756509801,-0.448927623,-0.40654593,-0.323725822,-1
-0.211426433,0.699480225,-0.008426114,-0.229760856,-1
0.240685119,-0.269234056,-0.067339511,-0.448745234,-1
-0.099198276,0.085832203,-0.552633444,-0.159477483,1
0.278708269,-0.09397392,0.909178672,0.195434163,-1
-0.71157782,-0.403049901,0.448648938,-0.390257608,1
-0.063383579,0.712089804,-0.747144734,-0.412816657,1
0.114161951,-0.168652015,0.720348153,0.464838581,-1
-0.351755012,0.450297899,-0.234884494,0.005170501,1
-0.508969955,-0.020302289,-0.678995632,0.023639361,1
-0.556036937,0.351015038,0.813621161,0.075606991,-1
-0.212657659,0.331791063,-0.741765307,0.087509465,1
0.616710037,0.113322826,0.492801423,0.278901656,-1
-0.203849937,0.486451881,0.629239241,0.044678306,-1
-0.064712988,-0.488186154,0.410014534,0.619778845,-1
0.264500864,0.270830227,-0.369892998,-0.002148807,-1
0.31636162,0.665537678,-0.37694753,0.823892355,-1
-0.050108042,0.227960964,-0.216730899,-0.457935307,-1
0.073203531,0.722500565,0.01103516,-0.173910047,-1
0.394348515,0.150372961,-0.403884435,-0.424479098,-1
0.215038528,-0.218522462,-0.607745999,-0.087116557,-1
0.062664341,-0.446194261,0.102431607,-0.763325711,-1
-0.228403706,0.541242213,-0.469149355,0.232372705,1
0.032827913,0.402820119,-0.219928441,-0.290105997,-1
-0.132594328,0.514928587,0.338331356,0.318839114,-1
0.111749613,0.17950693,0.197269021,-0.38740322,-1
0.464361631,-0.232637552,-0.523194899,-0.653541119,-1
-0.233734206,0.148867261,0.841199119,-0.647135007,-1
-0.72932961,-0.154935346,-0.396008993,-0.438654558,1
-0.183443242,0.565465495,0.1912599,-0.596568342,-1
0.636421093,-0.523602161,-0.306425842,0.227310063,-1
0.163503632,-0.142112684,-0.156407549,-0.066638889,-1
-0.530335416,0.532906431,0.131724918,0.415660636,1
-0.293261999,-0.889272575,-0.501019825,-0.530779398,1
-0.716874689,-0.422044985,-0.005034747,-0.737659953,1
-0.155203181,0.276914327,0.091213652,-0.327855333,-1
0.929955745,0.405231651,-0.869536042,0.385116805,-1
-0.327361319,-0.010161998,0.526522146,0.118630638,-1
0.068988612,0.697202938,0.225677559,0.310275544,-1
0.258130034,0.557663574,0.1069345,0.240448007,-1
-0.346038236,0.363212965,-0.005426009,-0.209654694,1
-0.264975635,-0.05160794,-0.389040523,0.168080742,1
0.773891763,-0.22677716,-0.647724618,0.300538953,-1
0.097380237,-0.042158929,0.667504217,-0.189156708,-1
-0.063201215,0.081972336,0.052611272,0.144225102,-1
-0.375217747,0.152481827,-0.3205477,-0.511253,1
-0.148417157,0.563657799,0.752224986,-0.134787224,-1
0.044103947,-0.329207139,-0.316500217,0.28556533,-1
-0.928186493,-0.322016244,-0.046408277,0.575803127,1
0.188929184,-0.230479706,-0.360800945,0.76731458,-1
-0.03235829,-0.942266484,0.69833028,0.352611937,-1
-0.310205494,0.487041146,-0.098614181,0.155931361,1
0.142652903,0.035582421,0.411670377,0.246963037,-1
0.222958675,-0.16410229,0.443252272,-0.443531904,-1
0.433009395,0.745034981,0.15413146,0.580407369,-1
-0.098922526,-0.393703189,0.756204734,-0.243560993,-1
-0.200261905,-0.424230339,0.282010384,-0.552188244,-1
-0.73942781,-0.139009782,-0.492264667,-0.273024559,1
0.138808397,-0.460867844,-0.319975327,0.521497374,-1
0.020924374,-0.288858977,-0.473904353,0.288759662,-1
-0.347263747,-0.2040617,0.71834608,0.004994616,-1
0.290347914,-0.05881966,-0.497021915,0.576217927,-1
-0.034234193,-0.234891321,0.176532575,0.494912504,-1
0.096988627,0.479434237,0.141062009,0.480812893,-1
-0.105329159,-0.033011245,0.231868702,0.423735613,-1
-0.180043338,0.428340694,-0.352452662,0.208197234,1
0.589728474,-0.488660814,0.431319484,0.317951311,-1
-0.32600491,-0.904009969,-0.422576205,-0.711610808,1
0.041501134,-0.2609181,-0.659356835,-0.61948407,-1
0.044905281,0.549386434,-0.562767568,0.213860956,-1
-0.316745505,0.472396648,0.164313229,0.386996451,-1
0.009151096,0.648819272,0.335663562,0.228840174,-1
-0.275439486,0.12664772,-0.220835951,0.013492648,1
-0.349110749,0.58300677,-0.230997141,-0.303881802,1
-0.224572497,-0.420937977,0.146932545,-0.840015165,-1
-0.124032527,0.36046904,0.633824448,0.401178977,-1
0.404409485,-0.468205922,-0.152142478,0.31623789,-1
0.151008313,0.71950039,0.01553425,0.254828636,-1
-0.638381153,-0.795615163,0.001357291,-0.237040009,1
0.021885711,0.122986663,0.119614756,-0.118363661,-1
-0.363686141,0.143097925,0.062610386,-0.367682923,-1
0.773626387,-0.242389125,0.470576296,0.196609447,-1
0.084618112,0.465803565,0.036363638,0.566041431,-1
0.201749096,0.049201805,-0.088823945,0.089670569,-1
0.915135528,-0.434698585,0.761150261,-0.744837174,-1
0.101088388,0.144676918,-0.074735875,-0.156815467,-1
-0.05201207,-0.229851251,0.037759349,-0.675735038,-1
0.533213514,0.129116617,0.766926543,0.776707188,-1
0.20924318,-0.151028111,0.297924781,-0.565026476,-1
-0.247865595,-0.384727911,-0.365582747,0.400624945,1
0.291681602,0.258642897,0.48509181,-0.387936096,-1
-0.180236578,0.287825398,-0.275466126,0.521637368,-1
-0.216338828,0.175921759,0.040248703,-0.161919654,-1
-0.932898523,0.432315715,-0.625974609,-0.133104778,1
-0.495078877,0.221747984,0.06147775,-0.14034566,1
0.376009762,-0.317077029,0.639876952,0.603630655,-1
-0.820409834,0.711668814,-0.516817634,0.266484775,1
0.227463363,0.778209759,-0.063874354,0.134079138,-1
0.168319811,0.3284468,0.428812166,-0.770348782,-1
0.136568047,0.156508574,-0.710003939,-0.111438615,-1
0.638046645,0.041167397,0.220262561,0.376304182,-1
0.338189279,0.168344071,-0.072554548,0.342118565,-1
0.119756449,0.630855636,0.375443601,-0.572453099,-1
0.139674462,0.286916549,-0.885701484,-0.05052297,-1
0.199568974,0.030880337,0.743874917,0.468795213,-1
0.013399252,0.30707067,0.214360775,0.00853664,-1
-0.402995677,0.137888813,0.159190626,-0.042940455,-1
0.064395718,0.118993589,-0.239454896,-0.220876175,-1
0.107729811,-0.672293111,0.439124108,0.593489351,-1
-0.5292997,-0.558921256,-0.394192794,-0.333410474,1
0.298541751,0.035995781,-0.063189999,0.233682784,-1
-0.140698175,-0.959126818,-0.045810642,-0.339527535,-1
-0.187075303,-0.195105433,-0.588424978,-0.379614884,1
0.303356541,-0.250621286,0.839927938,0.033421441,-1
-0.036740146,-0.327376776,-0.165931242,0.05513687,-1
0.525576417,0.055992252,-0.165806564,0.341363959,-1
0.193875714,0.150424994,-0.312205288,-0.152034363,-1
-0.32567404,-0.593721429,0.41683685,0.321731818,-1
0.223968954,0.023837374,0.805141417,0.821208247,-1
0.455308693,0.364455849,0.125706073,0.629182244,-1
0.332647571,0.261274311,-0.234576869,0.323396934,-1
0.061495226,0.797878491,-0.272875292,-0.254885019,-1
-0.326824369,-0.756612612,0.273423487,-0.520594069,-1
0.359684287,0.267279652,-0.089340384,-0.481465608,-1
0.015800456,0.465490655,-0.004009177,-0.604677965,-1
-0.212971642,0.333677019,-0.400140311,-0.68726252,1
-0.677069816,-0.01384926,0.063362951,0.225040908,1
0.040573791,0.754634811,-0.342812507,-0.213418718,-1
0.746102052,0.868740822,-0.936527542,-0.278359355,-1
0.286447494,-0.626445741,-0.043342728,-0.204367707,-1
0.109572484,0.341510314,-0.092439623,0.769407594,-1
-0.319415948,0.121453565,-0.151829652,-0.364684248,1
-0.201671546,-0.473002911,-0.166412328,0.075534188,-1
-0.056047896,-0.575125806,0.547831675,-0.193161394,-1
0.232115576,-0.084579853,0.232087425,-0.778419198,-1
-0.294063992,-0.077877256,0.379742894,0.584066185,-1
-0.09393625,0.081803579,0.240616848,0.591813649,-1
-0.112004166,0.312382875,0.491533884,-0.651317103,-1
-0.085051315,-0.375104326,-0.570651363,0.175546226,-1
-0.055860405,-0.165460297,0.113950362,-0.216039537,-1
0.452682184,0.222406656,-0.942273161,-0.09414448,-1
-0.116923536,0.247419824,-0.437301089,0.02546234,1
-0.333416418,-0.17250325,0.447715,0.034894258,-1
-0.08783023,-0.099194859,-0.157210817,-0.093935111,-1
-0.271404925,0.047775834,-0.570198003,0.741565501,1
0.764739396,-0.387235188,-0.69080257,-0.354657363,-1
0.464095828,-0.451959602,-0.491699981,0.14294507,-1
0.226760974,-0.347102606,0.147753738,-0.526561096,-1
-0.026590543,0.332225796,-0.274490369,0.000424672,-1
-0.37732058,-0.178790118,0.320978182,0.32779281,-1
0.390201366,0.302013864,-0.191669907,-0.245349418,-1
0.058629224,-0.53410475,0.766484931,-0.549655723,-1
-0.475194754,-0.500420535,-0.45257774,-0.227193375,1
0.300929168,-0.099713435,-0.540159707,0.054101599,-1
0.499647053,0.372026718,0.168185506,-0.468186311,-1
-0.49431086,0.000586062,0.207891516,0.470524663,1
0.221926651,-0.120147209,0.51074511,0.315771201,-1
-0.81294268,0.127949623,-0.775907936,-0.382889184,1
0.162510734,0.438891299,-0.533297743,0.282065912,-1
-0.37598677,0.105628724,-0.558771752,-0.696090504,1
-0.560173568,-0.243135972,-0.172254547,-0.78395526,1
-0.654331491,-0.603726645,-0.051835166,0.164895069,1
0.580432559,0.429493596,0.674295172,0.460681118,-1
0.524868946,0.096214972,-0.244026399,-0.189860001,-1
0.174349991,0.23653668,0.491881981,0.525218274,-1
-0.143441603,0.182943877,-0.376978444,0.280800204,-1
0.127131827,-0.201263275,-0.513540105,0.543348404,-1
-0.40043284,-0.337990854,-0.145057171,-0.122419881,1
0.07461799,0.445289089,0.343483957,-0.285405089,-1
-0.360275114,0.361729794,-0.338072233,0.010695224,1
-0.097324968,-0.200632881,0.265301883,0.017752598,-1
0.462057809,0.227195728,-0.776747534,-0.680380716,-1
0.123591553,0.245521394,0.094286251,0.541398634,-1
-0.290153126,-0.228786178,0.021863854,-0.176335679,-1
0.806380312,-0.078802364,0.588481686,-0.343496182,-1
0.595203616,-0.252785187,-0.865505816,-0.687201031,-1
0.762783389,-0.02725262,-0.499217451,-0.261612456,-1
-0.243853071,-0.229936665,0.260654463,0.055717345,-1
0.014608678,0.570891104,0.417339766,-0.035178882,-1
0.588482913,0.103557733,0.382507242,0.788968618,-1
-0.063432091,-0.130731607,0.504881883,-0.777680608,-1
0.071257124,-0.160133671,0.234403214,-0.189638266,-1
-0.063805639,-0.607233378,0.056394963,-0.008402698,-1
-0.300143768,-0.613721908,-0.369104348,0.144705652,1
-0.013430246,0.507528446,0.088295781,-0.051442836,-1
-0.607044001,0.547414596,-0.85476569,-0.758458216,1
0.117767377,0.004417146,-0.249047443,-0.23315601,-1
-0.917110942,0.448294146,-0.31457228,-0.150418811,1
0.134990549,0.090556816,0.34212281,0.438525389,-1
0.504744345,0.487548993,0.636726365,0.259713288,-1
-0.200818311,-0.3196631,0.315213517,0.139764535,-1
-0.153198307,-0.577807007,-0.120650471,0.081130093,-1
-0.213992127,0.25002275,0.156818237,0.495137441,-1
-0.498684483,0.003764407,0.20976782,0.27860122,1
0.749569947,-0.473981874,0.429463426,-0.206434973,-1
0.408377834,-0.534068505,0.417990345,-0.815495225,-1
0.331299061,0.255726703,-0.312908079,0.142135381,-1
-0.745685291,0.033660165,-0.045966014,0.064661401,1
0.732868595,0.550120743,0.144754529,-0.608361161,-1
0.763947231,0.676920932,0.323340244,0.664066414,-1
0.190613548,-0.021156559,0.730932528,-0.666564725,-1
0.123193986,0.902754571,-0.584134873,0.148215354,-1
0.842185625,-0.015394353,0.36424239,0.053984821,-1
0.204108351,-0.044182908,0.069623947,0.132970596,-1
-0.667939964,-0.529938563,0.001586609,-0.221215547,1
-0.56766841,-0.342567711,-0.066441078,0.054754337,1
0.54854375,-0.94116662,0.391186877,-0.674143355,-1
-0.028151064,0.571554329,0.228710597,0.412107949,-1
0.064505733,0.026079417,0.508650105,0.519875328,-1
0.343393879,-0.319034305,-0.407653731,-0.121325178,-1
0.194917854,-0.058575485,-0.120022359,0.552602556,-1
-0.175839101,0.335414935,-0.580034748,-0.488494276,1
0.443068802,-0.078392613,-0.348307269,0.017321598,-1
0.660202299,0.007928227,0.109123396,0.493280187,-1
0.117121601,0.207646464,-0.605552159,0.316934319,-1
-0.827723318,0.350703296,0.728827559,-0.271130691,1
-0.014953574,0.150553628,0.05447198,0.131154162,-1
-0.603115995,0.052471852,0.046063659,-0.665442568,1
0.320816879,-0.303404516,-0.559605487,0.258979592,-1
-0.15252428,-0.150325001,0.334978373,0.10894539,-1
-0.922098554,-0.40921707,0.196267094,-0.060226178,1
-0.78432047,-0.193348071,0.838522887,-0.445915098,-1
0.309221493,-0.341410471,0.141291066,-0.835367455,-1
0.306957576,0.267034434,-0.173321589,0.386501934,-1
0.352337347,-0.636605498,0.224958143,-0.648590906,-1
0.201793448,0.353692347,-0.11179853,-0.25462294,-1
0.214063902,0.495754457,0.192508354,-0.093493242,-1
0.958536714,0.502623819,0.307146828,0.082866635,-1
0.097645343,-0.164118514,0.065383655,-0.227717783,-1
0.63505982,-0.142350907,-0.019358176,0.495200214,-1
-0.269227576,-0.209205944,-0.588366675,0.385744438,1
-0.55614325,-0.68018719,-0.433849798,-0.167222841,1
-0.670976744,0.09970881,-0.273969616,-0.229604729,1
0.736921043,-0.231970365,0.103383923,0.412631386,-1
0.21809208,-0.082946189,0.419756701,0.018731909,-1
-0.306368462,0.021075108,-0.628662735,-0.492434361,1
0.55513134,0.376993604,-0.287151284,-0.071592214,-1
-0.073646982,-0.186105111,0.375337651,-0.619733237,-1
-0.345570683,0.014143559,-0.258927895,0.742100115,1
-0.239000906,0.275587416,-0.609867785,-0.474667435,1
0.095078217,-0.820639179,-0.412525251,-0.005701567,-1
-0.237156392,-0.809194246,0.15853094,-0.671346107,-1
0.416272911,-0.060071102,-0.188820599,-0.517464496,-1
-0.234605392,-0.460706502,0.449027976,0.099662382,-1
0.137003434,0.439886801,-0.117357408,0.103443405,-1
0.128846882,0.045762433,-0.105094552,0.007110726,-1
0.121543311,0.071036724,-0.466755471,0.881680036,-1
-0.134967226,-0.457219293,0.752392058,0.018982497,-1
-0.00765105,0.067261509,0.762351573,-0.126143241,-1
0.188309663,0.660884804,-0.347726034,-0.493355487,-1
0.05259563,-0.285319281,0.361480978,-0.188351753,-1
-0.241647162,-0.395889523,0.39976676,-0.785366068,-1
0.636067627,0.436099118,0.204783674,0.432220124,-1
-0.325858138,0.468687705,0.706951259,-0.484952545,-1
0.561015108,-0.011271169,-0.187472452,0.12054043,-1
0.306781037,-0.384776863,0.044096277,-0.325759237,-1
0.177076899,0.154821929,0.165026465,-0.099641562,-1
-0.252053293,0.150461229,0.089776495,0.439305648,-1
0.008479276,0.08007974,0.02759849,-0.384508395,-1
-0.488096798,0.248337091,0.342692634,-0.095416992,-1
0.15793976,-0.094458101,-0.277772841,0.459052489,-1
-0.786693594,-0.264309605,-0.013474152,0.2388526,1
0.141043524,-0.420666537,0.710380892,0.481710518,-1
-0.220636351,0.202995304,0.223315788,0.167818737,-1
0.248846336,-0.490364017,-0.787739783,-0.156447133,-1
0.0730312,-0.685500896,-0.733927768,0.584163715,-1
0.41589727,0.154688934,-0.345858359,-0.32063581,-1
0.40967876,-0.733966019,-0.122604351,0.228444988,-1
0.579167279,0.023277396,0.117749268,0.516084501,-1
0.516185215,-0.086280393,0.461005581,-0.329099115,-1
-0.61765004,-0.434115285,-0.487266803,0.330733325,1
0.497166541,0.078970024,-0.069103242,-0.136188804,-1
-0.006363034,-0.23176029,0.22141354,0.490341323,-1
-0.467787775,0.05688412,0.773253697,-0.098170962,-1
-0.307846591,-0.751778453,0.077362821,0.083120208,-1
-0.014816518,-0.393817688,0.199954533,-0.838818411,-1
0.557743537,0.507257903,-0.529318213,-0.180969403,-1
-0.126967413,-0.128439163,-0.16424163,0.846070925,-1
0.622823298,-0.329883789,0.860708936,-0.45685245,-1
0.028593661,0.103447098,-0.161862216,0.199714021,-1
-0.048084737,0.436232726,-0.011513387,0.12914122,-1
-0.371350077,0.49740731,-0.353064682,-0.769058774,1
0.301195123,-0.408271025,0.09065584,-0.24025723,-1
-0.256514092,-0.048141646,-0.552999568,0.119377526,1
-0.194091159,-0.203315747,-0.498735525,0.495180573,1
0.810255491,0.12516478,0.328145318,0.378125971,-1
-0.223940183,-0.111573063,-0.024332078,-0.270432091,-1
-0.396894235,0.087905449,0.501956654,0.412537132,-1
0.291542489,-0.158019149,0.556836194,0.516480312,-1
-0.477553015,-0.011671915,0.002200264,0.34274154,1
0.029317588,-0.806507489,0.940857766,0.297670985,-1
-0.9807692,0.366740195,0.512037235,0.136205222,1
-0.27868446,0.420200395,-0.060685307,-0.236970961,1
0.327780693,0.112639441,0.292206267,-0.26273439,-1
0.063842806,-0.545032957,0.100834894,-0.276657527,-1
0.223246366,-0.224939139,-0.166977898,-0.828693598,-1
-0.189358803,-0.23046332,0.662132236,-0.461874433,-1
0.522959946,0.428409992,0.657284012,0.169397676,-1
0.85725347,0.513375678,0.496362043,-0.43443218,-1
0.04752995,0.215970707,-0.441291279,0.061902232,-1
0.329830093,0.247821826,-0.387878668,-0.845631985,-1
0.017615542,0.228415549,0.549645989,-0.678009032,-1
-0.098491771,-0.753108377,-0.100483607,0.37032644,-1
-0.4345423,0.302659463,0.135064527,-0.074515417,1
-0.31065976,-0.218886819,-0.7773575,-0.58089329,1
0.04609635,-0.214842406,0.032919768,-0.577623935,-1
-0.124215838,0.090729005,0.35848312,-0.472954672,-1
0.670810376,-0.290331843,-0.650787084,0.086615955,-1
0.338537808,-0.195143317,0.190514624,0.193151333,-1
0.276416942,-0.606479223,0.300305422,0.110878912,-1
-0.392026176,-0.452490084,-0.180381624,-0.859925885,1
-0.213888884,0.098233159,-0.13172476,0.363756116,-1
-0.202498148,-0.378306187,0.035454339,-0.302541223,-1
-0.282989764,-0.343716721,-0.505248742,-0.224019528,1
0.868236614,-0.18191086,-0.008119176,-0.172715476,-1
-0.053399127,-0.313586512,-0.837903893,-0.431028016,1
-0.006221186,0.180817432,-0.204165969,-0.310195879,-1
-0.665443051,-0.048208999,0.121931659,-0.187193104,1
-0.002708909,-0.173222515,-0.256948114,0.036589411,-1
-0.225852407,-0.338925148,0.240785177,-0.028700112,-1
0.633814644,0.000147461,-0.634379378,-0.267569333,-1
-0.2101203,0.080137017,-0.074001697,0.11260521,-1
-0.315492042,-0.340884603,0.041534158,-0.287611958,-1
-0.358225268,0.33545371,0.860802904,-0.559424997,-1
-0.651382998,-0.277781046,0.271549656,-0.530463859,1
-0.456191571,-0.654442782,0.164837262,0.668448959,-1
-0.385601798,0.036455245,-0.61788729,0.166181069,1
0.466757669,0.719153232,-0.399424277,0.277387472,-1
0.283111534,-0.38883587,0.05434305,0.172872995,-1
-0.412181501,-0.072669953,0.54152058,0.147093572,-1
0.074809521,-0.113906571,-0.099392271,-0.50331199,-1
0.779499661,0.334269266,0.074066275,0.604136927,-1
-0.12184484,-0.035805269,-0.328747261,0.46421718,-1
0.02300212,0.2178663,-0.266953811,0.437836243,-1
-0.327387599,0.106810852,0.511818409,-0.166788407,-1
0.19339999,0.090219269,-0.276756996,0.514255178,-1
0.353607899,0.233479439,0.138480569,-0.508799887,-1
0.910657593,-0.049868806,0.142707753,-0.24759912,-1
-0.160979105,0.174767399,0.687423977,0.563341234,-1
-0.212456944,0.60292175,0.285778725,-0.340616566,-1
-0.113144384,-0.726322797,-0.143528096,0.550463571,-1
0.499401053,-0.604641766,-0.248794528,-0.545201102,-1
0.249531043,0.557714507,-0.656278422,0.218876392,-1
-0.659242275,0.629867766,-0.513385236,0.272912202,1
0.345523761,-0.02794076,-0.422150242,-0.047829031,-1
-0.776063687,0.532326633,-0.675755792,0.71755207,1
0.338749853,0.770843026,-0.709647519,0.658921129,-1
-0.904277992,0.277309269,-0.695113773,-0.07145884,1
-0.309088884,0.086876232,-0.547853375,-0.407364588,1
0.223095618,0.162645048,0.007309628,-0.22627482,-1
-0.535083206,-0.203695735,0.53521491,0.415091594,-1
0.344958903,-0.278274535,0.388231472,0.117601428,-1
-0.059844072,0.2787348,0.430994773,-0.217345784,-1
0.194473139,0.043747254,0.224717443,0.256068221,-1
-0.618478281,-0.214042462,0.030186498,0.924422117,1
0.082733226,0.145504389,0.203554026,0.280822396,-1
-0.555932704,0.191621606,-0.275230859,0.003403632,1
-0.107288943,-0.106145199,0.730311537,-0.417347688,-1
-0.305331829,0.41738679,0.031042107,-0.447225037,-1
0.736907942,-0.396691471,0.028367104,-0.302149997,-1
0.896537363,0.428471379,0.100373736,-0.004176958,-1
0.741370616,0.052476517,0.012114964,-0.021939784,-1
-0.190467203,-0.135183722,-0.530639051,0.196662257,1
0.181786131,0.595839383,0.339366754,0.475850572,-1
0.032939074,0.230143524,0.14057368,0.035307261,-1
-0.70082033,-0.114953782,-0.017496271,-0.344055068,1
-0.202848707,-0.101389023,-0.285292387,-0.477861572,-1
0.051372654,0.144254571,0.197256509,0.819736482,-1
0.902565888,-0.478636175,0.168705536,0.171533773,-1
0.091621974,0.160458877,-0.024425045,-0.907520796,-1
-0.269460974,-0.189716922,0.063287921,0.048247118,-1
-0.183425927,0.270319974,-0.09431127,-0.19670765,-1
0.249948016,-0.465652386,0.001230144,-0.510066573,-1
-0.308314159,-0.919675579,0.000442994,-0.80392041,-1
-0.193009449,-0.16782227,-0.689169104,0.372834692,1
0.399653437,-0.838582517,-0.270525465,-0.295279642,-1
-0.136281544,0.000797151,0.85141922,0.346775083,-1
0.269247376,-0.315215401,0.228955195,-0.103037694,-1
0.066357193,-0.927444811,-0.841212577,-0.012846398,-1
-0.744463034,0.297317537,0.6853521,-0.573049662,1
0.442320214,0.624132957,-0.508506668,0.290713502,-1
-0.24487115,-0.15341948,-0.026474043,-0.925213689,-1
-0.105114669,-0.309945785,0.670303224,-0.80491638,-1
-0.084212863,-0.486105878,-0.378800943,-0.027646993,-1
-0.27819886,-0.431003132,0.456285222,0.120755328,-1
0.715281996,0.007609926,0.759408199,0.053832624,-1
-0.297454332,0.367757539,-0.293120934,0.242125662,1
0.488146707,-0.543145385,-0.271945406,0.446098799,-1
0.243067483,0.149493,-0.022247843,0.517715687,-1
0.047914843,0.280222781,-0.134723791,0.034525706,-1
-0.551478155,0.0401573,-0.279815016,0.266861787,1
-0.091301389,-0.157753218,0.063969912,0.513607526,-1
-0.297120867,0.599328883,-0.617401652,0.215856801,1
0.616070557,0.08077878,0.729687557,-0.094975151,-1
0.649255177,-0.043024723,-0.10591535,-0.099003706,-1
0.46488681,0.696813144,0.079958553,-0.631317248,-1
-0.040653427,0.158098568,0.047165894,-0.599371521,-1
0.311576113,0.018798524,-0.024997066,-0.185897105,-1
-0.000536743,-0.840059667,-0.327613015,-0.267548835,-1
0.269113177,-0.754301858,0.322667229,-0.582859456,-1
0.308879881,0.078625593,-0.30620768,0.524188274,-1
0.053909137,0.265052862,-0.581545387,-0.211703092,-1
0.081379252,-0.70339127,0.271838191,0.948957077,-1
-0.199839243,0.722413134,-0.273804982,-0.316476532,1
-0.637276776,0.554091902,0.193508403,0.204598497,1
-0.014629806,0.513665884,0.022067491,0.04189783,-1
0.115009821,-0.366109943,-0.277035398,0.327083319,-1
-0.247042424,-0.365942317,-0.329486724,-0.274189307,-1
-0.470953376,-0.264052572,-0.070474165,-0.883482265,1
0.825776552,-0.36715438,-0.048240044,-0.352804692,-1
-0.527730551,0.25193919,-0.208714039,0.204146267,1
0.467465945,-0.204256118,-0.06713879,-0.468339345,-1
-0.408390845,-0.128912301,-0.392126543,0.487843632,1
-0.635216795,0.082838196,-0.068004227,-0.081029274,1
-0.272678778,0.394343597,-0.269961527,0.123157399,1
-0.104966522,0.207677452,-0.586598192,-0.463855678,1
0.082097992,-0.198993526,-0.657167479,-0.988022425,-1
0.025463245,0.293838382,-0.497432661,0.114408408,-1
-0.587167317,0.031816876,0.324439927,-0.714762081,1
0.187538552,-0.500905243,0.400196347,0.686590922,-1
0.220763421,-0.050371809,0.528518198,0.039002751,-1
0.570441869,-0.271502719,0.113710896,-0.271121911,-1
-0.102125463,0.350660691,-0.320511541,-0.105922969,-1
0.550094998,0.233895403,-0.550806421,0.456325809,-1
-0.581391526,-0.619241754,-0.018312031,0.011844262,1
-0.252498375,0.038910151,0.158662867,0.156064508,-1
-0.1930085,-0.337225354,-0.623029993,-0.304132431,1
-0.135901851,-0.31109017,0.516563323,0.619526273,-1
0.6765519,0.484696472,-0.663914592,0.190014949,-1
0.256847343,-0.853763483,-0.082178799,0.13651228,-1
0.582630165,0.531438046,0.183685466,-0.63264581,-1
0.585705528,-0.21511493,0.177159103,-0.298618602,-1
0.211904106,0.557132007,-0.459330762,0.507991078,-1
0.409135772,-0.1605576,-0.298026766,0.440780402,-1
0.435642819,0.114607042,0.09056069,-0.502375869,-1
-0.559666013,-0.935639998,0.537332757,-0.483101938,-1
-0.391129288,0.021681715,0.405330829,0.259699524,-1
0.146852087,-0.225662898,-0.037611489,0.320192206,-1
0.538943032,0.066709962,-0.02336481,-0.067423438,-1
0.077326686,-0.605763478,-0.422852293,-0.501222496,-1
-0.022728941,0.328629576,0.943116717,-0.388295568,-1
-0.197113049,-0.040698284,0.54569245,0.43330922,-1
-0.159888757,-0.127170733,-0.253678679,0.118266059,-1
-0.283296122,0.010276128,-0.66788112,-0.585102746,1
-0.810335794,-0.123822303,-0.250914359,0.086258819,1
0.361424066,0.028860013,-0.357054648,-0.409296327,-1
0.050657074,0.333955787,-0.293710849,-0.233387798,-1
0.649122069,-0.356245916,-0.729048838,-0.721999586,-1
-0.058623645,0.316419899,-0.20140653,-0.191743535,-1
0.360419228,-0.176179944,0.614764714,-0.203817561,-1
-0.233009391,-0.889468027,0.054604633,0.336696812,-1
-0.07082593,-0.539310922,0.040567664,0.081459988,-1
0.315157007,0.151377134,-0.633272113,0.309657357,-1
-0.154107436,0.38942088,0.129073958,0.821546263,-1
0.157391333,-0.734917419,-0.338897361,-0.215896124,-1
0.450456092,-0.139363639,-0.52133239,-0.293156208,-1
0.334580852,0.02127115,-0.615752031,0.337590808,-1
-0.460805603,-0.186483492,-0.444523596,-0.247578905,1
-0.614413168,-0.66010748,0.105662383,-0.063234818,1
-0.089807768,0.12033844,-0.398622794,-0.036903473,-1
-0.099273203,0.076519445,-0.086920863,-0.139948738,-1
0.300650267,-0.285962552,-0.786400735,-0.420434349,-1
-0.013168746,0.230810218,0.517189744,-0.472430075,-1
0.126827162,-0.114380063,0.074598498,-0.670061458,-1
-0.274529168,-0.465709242,-0.598694691,-0.443560543,1
-0.132967277,-0.349376399,-0.194461645,0.098615756,-1
0.725715457,0.415050595,-0.626635787,0.144467874,-1
-0.461618219,0.165444922,-0.357738532,0.527132134,1
-0.41360573,0.048949357,-0.312360261,0.269596404,1
-0.546195375,-0.778962123,-0.162489591,0.315303729,1
0.477917557,-0.114167918,0.394287192,0.036952327,-1
-0.004314707,-0.060282766,0.776872323,0.769260959,-1
-0.510427832,-0.606008936,-0.489618138,0.26403858,1
0.09963042,0.764439736,-0.19731889,-0.275854511,-1
-0.260919904,0.050223467,-0.811198749,0.800983274,1
0.4582975,0.710411588,-0.1554249,-0.110764459,-1
0.600923862,0.567215221,0.300156048,0.455446574,-1
-0.460147579,-0.049673394,-0.127930182,0.30540887,1
-0.133106054,-0.623388351,-0.754070737,0.668290687,1
-0.484624231,-0.408313643,-0.49998532,-0.177628973,1
0.601588517,0.479347116,0.076051695,-0.721683976,-1
0.477227278,-0.585882826,0.340871075,0.180049634,-1
-0.67794196,0.090212764,-0.222454137,0.559108919,1
0.230877814,0.165105316,0.416846134,0.69081471,-1
0.696559054,-0.366598346,-0.465645045,0.216324375,-1
-0.012249507,0.119276772,-0.014387026,0.528937466,-1
-0.108927832,0.487512488,0.213337827,0.48300528,-1
-0.543551488,0.572790204,0.264882467,0.580737196,1
-0.485638967,-0.070567505,-0.507438944,0.086417794,1
0.740828682,0.277800927,-0.304168643,-0.357408072,-1
-0.416304996,-0.001745908,0.11109164,0.15964039,-1
-0.396297229,0.114262878,0.306079985,-0.021440635,-1
-0.113899524,0.30263159,-0.058832068,0.19024811,-1
0.604474124,0.694964499,0.229519318,0.468558186,-1
0.477057805,0.293897829,0.362043465,0.560049768,-1
0.451561016,0.395377787,-0.413231382,-0.808019275,-1
-0.287172941,-0.489144753,0.292372133,-0.276853216,-1
-0.008821331,0.0641264,-0.023379066,-0.100759917,-1
-0.349557436,0.769560567,-0.010359592,-0.635019938,1
-0.081380345,-0.191301569,-0.526753155,-0.018828203,-1
-0.32188628,0.339954007,0.391167308,-0.512783382,-1
0.819200213,-0.847104034,-0.06422773,0.377152666,-1
-0.057709313,0.001128269,0.099670636,-0.244915691,-1
0.18365094,0.170627183,0.153321712,0.155783362,-1
-0.195517519,0.58816491,-0.730096667,0.147122708,1
0.681085542,0.864700253,-0.143453994,-0.018327129,-1
-0.090563075,0.177275093,-0.305524339,-0.248569912,-1
0.410732767,0.239025272,0.508082952,-0.3998193,-1
0.911730533,0.020414716,0.216607505,0.040814518,-1
-0.854574055,0.446590987,-0.543353018,0.358923771,1
-0.253375964,0.072616562,-0.800645437,-0.305151331,1
0.071443829,-0.267369038,0.457760233,0.119707471,-1
-0.338346109,0.143534979,0.097212818,0.75429099,-1
-0.310122216,0.107088945,0.536035382,-0.434507746,-1
0.7567547,0.752332886,0.204367379,-0.092451184,-1
0.688584683,0.536544653,-0.281032098,-0.19548004,-1
-0.005460602,-0.625225674,0.989424245,0.241054308,-1
-0.225487681,0.18143191,0.418321574,-0.610046322,-1
-0.171990923,-0.318091231,0.352225482,0.366533668,-1
-0.06015479,0.171821091,-0.127747937,0.176898147,-1
-0.561358359,-0.018570937,-0.286324472,-0.275892342,1
0.023033661,0.211666063,-0.202925109,0.869386095,-1
-0.694205476,-0.154841258,0.680158049,0.140611282,-1
0.032602846,0.70312511,0.00202113,0.67065382,-1
0.804663895,0.175080636,0.055448521,0.365053583,-1
-0.087941661,0.184414153,0.559294198,-0.440892089,-1
-0.010277701,0.014987983,0.577461744,0.281909173,-1
0.300862077,-0.699667508,0.587536618,-0.828685805,-1
0.145830494,-0.345766382,-0.507570926,0.072948333,-1
0.21936995,-0.114460105,0.392999703,0.551377884,-1
-0.327641793,-0.094516141,-0.493903049,-0.931118011,1
-0.884767051,0.258426926,-0.397921487,0.7179636,1
-0.512824596,-0.043586925,-0.323484613,0.648830161,1
0.312539401,-0.306882633,-0.924338211,-0.639051998,-1
0.134661638,-0.482356335,0.177196221,-0.345265351,-1
-0.198694379,-0.400507318,-0.363389909,-0.25841203,-1
0.105354357,0.192758362,0.030936001,0.255973831,-1
0.476713735,0.147959409,0.731731207,-0.657570868,-1
-0.94785173,-0.463548963,-0.256352781,0.083190314,1
-0.58653531,-0.31656527,-0.2479572,-0.528017785,1
-0.646488679,-0.343056976,-0.457517434,0.118925314,1
-0.260683501,-0.103417571,0.166997308,0.052228987,-1
0.216102495,-0.398746404,0.59287366,-0.773016857,-1
-0.452677879,0.83021618,0.164874068,-0.931564413,1
0.163226195,-0.363496885,-0.310723061,-0.370183356,-1
-0.373406035,-0.734843185,-0.336305294,-0.273962468,1
-0.062692546,-0.105613398,0.04865746,0.769738092,-1
-0.047719124,0.235831216,0.331337481,0.087549857,-1
-0.747176297,-0.308293469,0.433308433,0.525774509,1
-0.119166825,-0.276488025,-0.27927616,0.208399042,-1
0.231632027,0.146836671,-0.274393301,-0.182095123,-1
0.613141225,0.372958937,-0.643150233,0.398373844,-1
-0.111357637,-0.377666862,-0.701314955,0.563962057,1
0.206835146,-0.283035881,-0.048881609,0.028009599,-1
0.429733686,-0.690616121,0.730345925,-0.062129097,-1
0.933154187,-0.183590598,-0.127821893,0.193792443,-1
0.198092391,-0.098079854,0.021886476,0.140037558,-1
-0.230874589,0.716678602,-0.54910167,-0.545217782,1
0.057669866,-0.322059913,-0.273707907,0.068977402,-1
0.306750277,-0.249286303,0.215767815,0.195674368,-1
-0.143308327,-0.140033883,0.44648808,0.225239203,-1
0.010727841,0.023103883,0.288143853,0.615546727,-1
0.475107164,0.130825269,0.126211639,-0.874991457,-1
0.155592344,0.329580089,0.81775488,-0.301663568,-1
0.201349065,0.160076253,0.218357254,-0.6520013,-1
0.014115502,-0.207509059,0.244932256,-0.142726993,-1
0.390326001,-0.393611004,-0.095594042,0.559407272,-1
0.236104736,-0.735646368,-0.355485844,-0.451912852,-1
-0.147283263,-0.051198251,-0.234370383,-0.635454181,-1
-0.445667852,-0.067951673,-0.098371816,-0.21586596,1
0.017883124,0.477545597,-0.889663788,0.04190161,1
-0.210372581,0.054691911,-0.051493027,-0.178876903,-1
0.684591087,-0.436622903,-0.725632704,-0.580898504,-1
0.083372927,0.017578557,-0.086784564,0.509518982,-1
0.369257853,-0.780787888,-0.111980372,0.006877623,-1
-0.384389683,0.151812411,0.626715875,0.001906931,-1
-0.341971817,0.43199984,0.554700848,0.38207609,-1
-0.252371482,0.544393443,0.525207001,0.833189335,-1
-0.470264923,0.021792318,-0.080400982,0.104475298,1
-0.03395383,-0.142962243,-0.120642208,0.119982196,-1
0.091607645,-0.193527748,-0.279359444,0.232546691,-1
-0.587709694,-0.61938936,-0.350023407,0.287588525,1
0.194336423,-0.327929234,0.702209046,0.266358552,-1
0.098071442,-0.393133462,0.813555618,-0.159542818,-1
0.019285043,-0.554801677,-0.064436725,0.574583383,-1
0.264266023,0.000306544,0.36827041,-0.450788244,-1
-0.088739789,0.71355741,0.128331268,-0.095962169,-1
0.247456099,-0.550970167,-0.117294581,-0.402405088,-1
-0.000300999,0.295510316,0.048154334,-0.490824823,-1
-0.1447124,-0.01664305,-0.345767378,-0.078747464,-1
-0.187039129,-0.254353956,0.520812816,0.825268999,-1
0.514601946,-0.302936142,0.326691106,0.687030811,-1
0.420071764,-0.079774663,0.184730673,0.368094819,-1
0.112399761,-0.504978447,-0.463873749,0.016838617,-1
-0.821763507,-0.613101773,-0.126376801,-0.206398586,1
0.920418769,0.752418804,0.229368146,0.497804585,-1
0.722396771,0.242173881,0.045293099,-0.498898839,-1
-0.522297373,0.090593862,0.189297945,0.382801703,1
0.041939416,0.392437739,-0.628501292,-0.39780557,-1
0.469169961,-0.403984737,0.405500586,0.320793396,-1
0.167618555,-0.607120705,-0.465983319,-0.016229699,-1
-0.237550244,-0.519703095,0.089596128,0.98920684,-1
0.113709301,-0.569410118,0.507071876,-0.510885178,-1
-0.720841862,0.290885981,0.536763307,-0.413876446,1
0.786399362,-0.644736187,-0.110120133,-0.136637493,-1
0.750800393,0.025230701,0.26777038,-0.38358411,-1
-0.532907435,0.727214641,-0.033146054,0.232613846,1
0.78201905,0.150733707,0.213684391,-0.001274524,-1
0.166433299,-0.23342426,-0.86876101,0.139560803,-1
-0.592056255,0.361640832,0.623277608,-0.093188678,-1
-0.274761551,-0.693157047,0.391749377,0.556514886,-1
0.48975052,-0.282382262,0.086890748,-0.121997667,-1
-0.352785456,-0.06005194,-0.265722921,-0.455701297,1
-0.107737469,0.026213218,0.614157864,-0.073498412,-1
-0.118457613,-0.194320593,-0.551607492,-0.062568569,-1
0.146443945,0.351262323,0.362417791,0.810375132,-1
0.444436368,-0.672304066,0.255213055,0.982167859,-1
-0.024827557,-0.026679471,-0.611936327,0.407708725,-1
0.519079358,0.651382943,-0.27524686,-0.010940902,-1
-0.015171743,-0.475297751,0.427288923,-0.195473087,-1
0.269737612,0.158589039,-0.441873738,0.775881444,-1
0.207866925,-0.399922586,-0.210802854,-0.936377733,-1
-0.668641082,-0.318150276,-0.02467541,0.009341712,1
0.113896716,-0.001879442,0.09531799,0.248224509,-1
0.309655143,-0.430318267,0.212394866,0.029706803,-1
-0.476988592,0.197142444,-0.486287325,-0.07637203,1
-0.835832458,-0.502080268,0.623543044,0.543068578,1
0.43444008,-0.611644488,-0.340820844,-0.306126228,-1
-0.043859909,-0.075155684,-0.274688494,0.123150505,-1
-0.35113542,-0.409484834,0.00336979,-0.189171539,-1
-0.093482887,0.614800635,-0.049734873,-0.258105796,-1
0.514315934,0.149354636,0.360264072,0.487948912,-1
0.082170737,0.073921994,-0.248607154,-0.830064175,-1
0.30462813,0.198012762,-0.428248318,0.037762042,-1
0.256227394,0.198620829,-0.27721231,-0.232327499,-1
0.285408098,0.348931382,-0.471267957,-0.294312356,-1
0.122891933,-0.720844298,0.246120395,0.124262717,-1
0.793713255,-0.478343454,0.374642584,-0.604226963,-1
0.453487099,-0.628469281,0.326999574,0.05523119,-1
0.127417744,-0.301813539,0.349984741,0.616882994,-1
-0.319086927,-0.000816654,-0.228177083,0.122148773,1
0.050954265,-0.425333787,-0.019831275,0.439045361,-1
0.449219903,-0.256788266,-0.446677612,-0.624278779,-1
-0.094422329,-0.67295771,-0.417373997,-0.44014386,-1
-0.46573838,0.340632283,-0.138499099,-0.042159846,1
0.101138295,0.896896893,-0.150015649,0.152961294,-1
0.066308766,-0.696393794,-0.036413781,0.056994102,-1
0.22241366,0.530206598,-0.224997186,-0.018718887,-1
-0.067812104,-0.603218645,0.209257626,-0.171325332,-1
-0.300625241,-0.750509872,0.850532495,0.325907814,-1
0.411940748,0.349970284,-0.640271106,0.012575505,-1
-0.031081524,-0.184031081,0.077025121,-0.240971388,-1
0.46819218,-0.468375839,-0.807420584,0.067217119,-1
-0.525426409,0.106645426,-0.76606096,0.090591571,1
0.304413292,-0.613001608,0.181826412,-0.162832007,-1
-0.77043985,0.388530676,0.514980287,-0.429027247,1
-0.07848559,0.378156309,0.290357259,-0.507677882,-1
0.004342931,-0.044073531,-0.886825496,0.388360118,1
0.081275329,0.33767948,0.200313926,-0.344608019,-1
-0.009039729,0.867146747,0.032978642,0.607298241,-1
0.475596129,0.145969475,-0.057645007,0.063933327,-1
-0.36446391,-0.301431232,-0.395841063,0.427013698,1
-0.308750177,-0.307232549,0.034300235,-0.071743274,-1
0.62365922,-0.01552916,-0.497323608,0.166552294,-1
-0.056564808,0.456687949,-0.364709408,0.080749223,-1
-0.710382458,-0.174159384,0.271639517,0.050960144,1
0.225828833,0.796810852,-0.1353652,-0.087835399,-1
0.532869799,-0.450818305,0.642329031,0.377625289,-1
-0.21212233,-0.025322304,0.555812338,0.5064441,-1
0.271442384,0.085478904,0.182874691,0.046180385,-1
0.479672206,0.134105773,-0.268587656,0.808387377,-1
0.395494693,0.405518916,0.344887414,-0.609637415,-1
-0.624019004,-0.11522972,-0.381887919,-0.217388716,1
-0.20188243,-0.072392887,0.259610789,-0.829827543,-1
0.346307785,-0.050904265,0.603838565,-0.265302371,-1
0.46999761,0.070906427,0.145697497,0.399786121,-1
-0.057284857,-0.03510925,-0.0150207,0.524400443,-1
0.626601527,0.713771019,0.258877645,0.216355446,-1
0.262925838,0.033356232,-0.727872459,0.100756487,-1
-0.331082235,-0.49456409,-0.059273266,-0.273737148,-1
0.019312165,-0.164884179,-0.508950212,-0.526247032,-1
-0.044095121,-0.405300533,0.175002998,0.189564744,-1
-0.672905642,-0.339960475,-0.469858193,-0.453901984,1
-0.067924403,0.606932344,-0.662800256,-0.068419737,1
0.008446047,-0.326607821,0.273999728,0.841224419,-1
0.56161469,-0.283655168,-0.119912688,0.028300474,-1
0.858488642,-0.1616831,-0.361741943,0.401102295,-1
0.51370013,-0.658491107,-0.164401332,0.283526363,-1
0.67241077,-0.264534074,-0.465667453,0.378332849,-1
0.809009118,-0.759154572,0.47820155,-0.511290658,-1
-0.024975372,-0.043402953,-0.558851734,0.737902243,-1
0.23674905,-0.033192816,0.154639186,-0.25438091,-1
0.408169399,-0.732905183,-0.70367407,0.19331668,-1
0.187617713,-0.228135459,0.303099302,0.478123747,-1
-0.086098246,-0.218891501,0.187661089,0.543275604,-1
-0.164185724,-0.309348678,-0.338128373,0.122529164,-1
-0.570683513,-0.742730106,-0.106472372,-0.13418598,1
0.203695159,0.554001981,0.606939381,0.374919664,-1
0.056108411,0.810599018,-0.069300233,-0.2315523,-1
0.418451214,0.209859766,0.233348739,0.310240911,-1
0.404106526,0.255276137,-0.42578015,0.436600268,-1
0.267852096,0.116370572,-0.224024029,-0.310205155,-1
-0.421632036,0.162515429,-0.212869943,-0.343709749,1
0.226124534,-0.344797986,-0.606662499,-0.181686461,-1
0.734543847,0.135849204,0.049988298,0.421105379,-1
0.83396243,-0.672266344,-0.060739329,0.306123784,-1
-0.401176623,0.161537627,0.140765958,0.031459315,-1
0.656357733,-0.41688112,0.760656717,0.484037575,-1
-0.573577474,-0.046626949,-0.082784792,-0.222691445,1
0.601929016,0.292628291,0.455429054,-0.181161784,-1
0.093161475,-0.611783788,0.586703369,-0.223333515,-1
-0.51472948,-0.653278007,-0.514476733,-0.173037649,1
0.666397993,-0.148174662,-0.24883286,0.220864225,-1
-0.4749377,-0.321914872,0.264371799,-0.211151889,-1
0.071485176,-0.643354258,-0.624924699,0.437141246,-1
-0.951664153,0.358329121,-0.466602127,-0.573538221,1
0.302149018,-0.064810509,0.203325648,-0.252514509,-1
0.39617641,0.479417006,-0.452966589,0.315319549,-1
-0.006670684,0.070986347,-0.214017214,-0.090663327,-1
0.90895367,-0.410447483,0.233887786,-0.192761918,-1
-0.080744413,-0.028393752,-0.393068097,0.18600102,-1
0.021246778,0.120309362,0.536375347,-0.276852792,-1
-0.362182979,-0.233510372,0.281717426,-0.461852013,-1
0.164872634,-0.145196182,0.145081048,0.293715403,-1
0.456192784,0.122473879,0.161917147,0.566683311,-1
-0.458822984,0.223681945,-0.365356447,-0.298940465,1
0.066248972,-0.019995592,-0.3667255,-0.238416703,-1
0.573912881,0.450204829,0.537675743,0.373443165,-1
-0.006499559,-0.074854093,0.667140099,-0.216800405,-1
0.56083149,-0.115712611,-0.574980669,0.083647059,-1
-0.494358469,-0.050785813,-0.164940565,-0.465352609,1
-0.198183559,0.653178245,-0.55945885,-0.373682061,1
0.032218798,-0.072945518,0.117424036,-0.08285819,-1
-0.129276176,0.776756527,-0.36844887,0.054093414,1
0.595311169,-0.350955763,-0.417469871,-0.059811782,-1
-0.134067055,-0.156531033,0.304570577,0.42820685,-1
0.285607233,-0.508953704,0.712251012,0.300881721,-1
0.240964032,0.449265645,-0.218358068,-0.540790812,-1
-0.742524848,0.038858612,-0.062308238,0.346413538,1
-0.410834553,0.311995978,-0.25115702,0.050391875,1
0.165509816,-0.307505573,-0.380232663,0.428746957,-1
-0.486104477,0.352787474,-0.210160353,0.264530468,1
0.675714587,-0.044688219,-0.36951823,0.391821038,-1
-0.273093494,0.861800815,-0.520865423,-0.098877427,1
-0.783722807,0.420363988,0.05435995,0.311097874,1
0.470313277,0.304457748,-0.388973037,0.219803104,-1
0.549485068,0.091692257,0.78703332,0.016190898,-1
0.289558925,0.450641049,-0.118702425,0.023147707,-1
0.536411243,-0.421954312,-0.36637111,-0.147359323,-1
0.127879034,-0.05048698,-0.305132543,0.254951618,-1
0.476789733,0.714407178,-0.131557889,0.199432141,-1
-0.023160594,-0.528738005,-0.360346021,0.025921329,-1
0.024131937,-0.441453811,0.162838717,0.127074301,-1
-0.739724139,0.112219288,0.085363707,0.004193894,1
-0.916887742,-0.227065356,-0.032547354,-0.167071113,1
-0.508382488,0.721498964,0.623886159,0.242685213,-1
0.578078345,-0.023080103,0.101934784,0.920782012,-1
0.189743501,0.372301916,-0.101996814,0.156875735,-1
0.796838283,-0.434251536,0.724732517,0.577562125,-1
-0.218273411,-0.03384595,-0.147448396,0.382239292,-1
0.030966604,-0.064850288,-0.266454337,0.544993874,-1
-0.398078752,0.328989012,-0.430544099,0.523054511,1
-0.637028674,-0.512938397,0.17516233,-0.028010813,1
-0.042677717,-0.0745753,0.033767794,-0.363885913,-1
-0.792060177,0.516883649,0.291171421,0.339501765,1
0.729361186,0.016578489,0.198727564,-0.955496994,-1
-0.149499616,-0.539690268,-0.392298887,0.362022327,-1
0.669981048,-0.122452851,-0.205187971,0.254977243,-1
0.052009851,0.725007697,0.496321013,0.051960908,-1
0.096207844,-0.20803926,0.074072534,0.229862022,-1
-0.50161963,-0.286362926,0.506566674,0.334839333,-1
-0.480848253,0.17956427,-0.016753696,-0.416520862,1
0.554747086,0.494280045,-0.003837035,0.494207164,-1
0.556861348,-0.377777655,-0.051172623,0.22322644,-1
0.112132994,0.12798409,0.286488207,0.078582137,-1
0.700671734,-0.454253778,0.535616631,-0.303575983,-1
-0.250115237,-0.442368261,0.275458494,-0.39805927,-1
-0.095962538,-0.441047462,0.377815568,0.732838642,-1
-0.014061601,0.216243212,0.12998974,0.312077142,-1
-0.377900082,0.156485314,-0.094933861,0.646360129,1
-0.251750075,-0.237040632,-0.553784125,-0.264609517,1
0.693355942,0.091384204,0.298912125,-0.130183584,-1
0.146277359,-0.471039057,-0.578157409,0.47037034,-1
0.123562471,-0.011897585,-0.648243112,-0.392794263,-1
-0.683278258,-0.105080466,0.403035659,0.303367074,1
-0.079987023,-0.080433487,-0.109345136,0.250040438,-1
0.012845371,0.131999851,0.173703595,-0.307262463,-1
-0.108269878,-0.573902303,0.090677782,-0.451947382,-1
-0.289507644,0.063999437,-0.19342753,-0.305672747,1
0.027632397,-0.452361407,-0.219202983,0.810456894,-1
-0.099102246,-0.922855501,-0.03459407,-0.012066404,-1
0.120539698,-0.047893027,0.350997049,0.071621338,-1
-0.360257086,0.023066156,-0.430892283,0.462530597,1
-0.322749895,0.367931655,0.21390479,0.694999525,-1
0.530502506,0.08840756,0.690586686,-0.342756362,-1
-0.065962364,-0.016628226,0.087002901,-0.048714003,-1
0.170032557,0.204805074,0.6632553,-0.28114904,-1
-0.302058036,-0.616852709,0.198475955,0.110707299,-1
-0.087915783,-0.110422046,-0.346273842,0.453367484,-1
-0.188175383,-0.026606313,0.053392543,-0.05814802,-1
0.379092856,0.500451048,-0.340315529,-0.140669169,-1
-0.249749794,0.909228536,-0.415653552,-0.128610374,1
-0.21426321,0.109846134,0.606444586,0.512657159,-1
0.250063069,0.504968768,0.582022685,-0.236582095,-1
-0.17936826,0.122205126,0.386022666,0.228152221,-1
-0.638797214,0.110226634,-0.022572037,0.780098794,1
0.720409929,-0.639581019,-0.502278069,0.334000381,-1
0.7891529,-0.054695892,0.184606051,0.333751121,-1
-0.037777907,0.758010826,0.298835351,0.371896293,-1
0.486638074,-0.56469152,-0.689920667,0.094923901,-1
0.590510022,0.51285143,-0.25524942,-0.305600222,-1
0.462053334,0.165228708,0.890460313,0.554208608,-1
-0.292002031,-0.095777341,0.510961632,0.021342632,-1
0.642166708,-0.791155063,0.369609367,0.650448572,-1
0.29787839,-0.226630833,-0.223560285,-0.135869492,-1
-0.261717409,0.192383899,0.736246901,-0.727609907,-1
0.666161694,0.168949433,0.225062139,-0.475266083,-1
0.362366004,-0.01813967,-0.137509191,-0.276003872,-1
-0.17671042,0.321118497,0.050847602,-0.675271712,-1
0.215233041,-0.067041073,0.348326256,0.245965667,-1
-0.147646656,0.659594662,-0.548190127,-0.445154276,1
-0.30509552,-0.768830889,0.230475967,0.564915694,-1
-0.453543291,0.113354188,0.608345163,0.85181577,-1
0.192289055,-0.181706806,0.43053284,0.296777072,-1
-0.047982038,-0.347965476,-0.060398084,0.073938919,-1
-0.040487293,-0.026512537,-0.226783401,-0.162433346,-1
-0.77020741,-0.561034377,0.130804179,-0.056781374,1
-0.195494205,0.064472859,-0.705043606,-0.068912808,1
0.064177786,0.777193108,0.807910369,0.093260211,-1
0.042602163,-0.267170796,-0.414743,-0.317469748,-1
0.404405318,-0.643734511,-0.009647489,0.339925527,-1
0.891512029,-0.257138738,0.760818191,-0.214702704,-1
0.560255503,0.087339051,0.173348686,0.031499187,-1
-0.129925815,-0.156278717,0.363659068,0.076446172,-1
0.310313345,-0.020452856,0.288032177,-0.300366372,-1
-0.613860568,0.089917287,-0.370957622,0.081501103,1
0.540421035,0.38983746,0.617881934,0.038043833,-1
-0.024054862,-0.551367084,-0.066257575,0.018670455,-1
-0.03884754,-0.50604988,-0.377808386,0.26783984,-1
-0.407752618,-0.513980382,-0.042377885,0.899793303,-1
-0.014700375,0.306375601,0.381291083,-0.277093199,-1
-0.01362508,0.456807567,0.411481468,0.043473139,-1
-0.666451392,-0.049246728,-0.260496063,-0.022529007,1
0.210161905,0.690280228,0.320033497,-0.559913801,-1
0.06374578,-0.54512375,-0.544708461,0.31792484,-1
-0.373956908,0.226263561,0.201780271,0.417892612,-1
-0.681808232,0.343782473,-0.335025855,-0.626017863,1
-0.13389014,-0.061753939,0.243548424,0.313965455,-1
-0.634181287,0.663462245,-0.496592209,0.127943438,1
-0.270835373,0.236927941,-0.105264119,0.276479816,-1
0.010918205,0.348893523,0.003219388,-0.696744907,-1
0.45016122,0.301490532,-0.163402762,-0.257204883,-1
-0.383265126,-0.100618249,0.068139432,-0.855194615,-1
-0.177448247,-0.664181323,0.092236483,0.403067413,-1
0.643509905,0.128940161,-0.28870107,-0.070883546,-1
0.093477626,-0.148804947,-0.547628191,0.560315008,-1
0.054616766,0.492270789,0.595915524,0.095439531,-1
-0.797685155,-0.175967318,-0.340445649,-0.477601611,1
-0.202583099,-0.381242679,0.901458716,0.396120934,-1
-0.530690589,-0.126476169,0.358656793,-0.579299209,-1
-0.103167967,0.077442612,-0.630583231,0.371204435,1
-0.423651043,-0.047989218,-0.230803708,-0.10712631,1
-0.47619335,0.407553052,-0.078424307,-0.713579299,1
0.024267394,-0.072418893,-0.56475589,0.23870303,-1
-0.370585675,-0.721372335,0.150352827,0.560776144,-1
-0.613048482,0.345391933,0.576845435,0.180790718,1
-0.084200015,0.166689801,0.528805852,0.070202018,-1
-0.039465658,-0.296821222,-0.400550129,0.87341238,-1
-0.302450925,-0.191628471,-0.348324487,-0.786945819,1
0.159210384,-0.246852875,-0.197620388,0.369347172,-1
-0.536392197,0.491761479,-0.306071068,0.461854025,1
0.442442155,0.100700511,0.015909924,-0.476901446,-1
0.419074035,-0.537605325,-0.298230154,0.134034784,-1
0.447295882,0.683646706,-0.934701456,0.78668298,-1
-0.536777241,-0.155548315,0.144672338,0.028124316,1
-0.127627862,0.214461186,-0.196577631,-0.147455034,-1
0.120363481,-0.176223193,0.392159233,-0.909867814,-1
0.580782011,-0.250371304,0.191052337,0.146245701,-1
-0.028302177,0.511618747,-0.514117844,0.175684188,-1
-0.851371646,-0.62839338,0.028707844,0.190431582,1
-0.033109615,0.198399346,0.826042745,-0.057930063,-1
0.373576932,0.263868345,0.291975744,-0.711586653,-1
0.106816551,0.764890668,0.07763353,0.621460275,-1
-0.440209412,-0.853072195,-0.100644301,0.703093916,1
0.078851781,0.089282484,0.116981597,0.056565958,-1
0.125672303,-0.53175602,-0.168765278,0.127801989,-1
-0.16578609,-0.007184151,-0.248442371,0.095061564,-1
-0.431399686,0.026371446,0.310007781,-0.262524392,-1
-0.244094314,-0.346370894,-0.572249222,-0.121060946,1
0.621715414,0.143790494,-0.080495001,0.292078522,-1
-0.876058242,0.32962134,-0.409399164,-0.276240792,1
-0.008095831,-0.072508901,-0.137543074,0.469056906,-1
0.113216829,-0.074565626,0.570267943,0.442612084,-1
0.924541705,-0.135397723,-0.246100785,0.045759498,-1
-0.301520619,0.022323634,-0.841479905,-0.092423365,1
-0.847370773,-0.013700864,0.123702359,-0.603548508,1
0.370869789,0.591443478,0.05068016,0.707324839,-1
-0.63500035,0.427517472,-0.283802618,-0.383973453,1
0.866694376,-0.161435806,0.614449133,0.015824971,-1
-0.520986479,-0.27222015,0.35351759,-0.118545831,-1
-0.159363775,0.149397846,0.368364406,-0.387042743,-1
0.275929015,-0.465896572,0.921929189,-0.636268188,-1
0.660735964,0.435737417,-0.797939273,-0.164491619,-1
-0.441081141,0.381766313,-0.145206224,-0.426356057,1
0.552519743,0.501191193,-0.252175442,-0.038718079,-1
0.895347289,0.078654262,-0.292518131,0.006070094,-1
0.299363768,0.205290558,-0.189253409,-0.264094612,-1
-0.393133557,0.430768226,-0.556608244,-0.103481208,1
0.078206207,0.665314708,-0.549533702,0.044197225,-1
0.188395897,-0.316274014,0.436319235,0.14825668,-1
-0.529017614,-0.350597155,0.350027427,0.128898326,-1
0.338778502,0.109944766,-0.11924349,-0.265451745,-1
-0.122055627,0.590412889,0.469678411,-0.055516136,-1
0.157548954,0.364497981,0.388900517,-0.377731307,-1
0.138706472,-0.578714845,0.158232574,0.44609094,-1
-0.265130868,-0.068702268,0.168331813,-0.114755438,-1
-0.248612756,0.008898453,0.241883838,-0.227344005,-1
0.790030229,0.506355848,-0.518950823,0.015556069,-1
0.38902161,-0.257738564,0.130661867,0.13268636,-1
-0.019989619,-0.023453891,0.25654915,0.148012167,-1
0.08615425,-0.404658869,-0.66590405,-0.445812185,-1
0.315129889,-0.794155016,0.606559621,0.168674315,-1
-0.477915461,-0.450676727,-0.049604391,0.214983382,1
0.821507948,0.019952367,-0.777638941,0.279199592,-1
0.724564053,-0.082450115,-0.187413737,0.185518725,-1
-0.013711541,0.278084268,0.413097889,-0.009159963,-1
0.332973263,-0.111188216,-0.172875041,-0.288411236,-1
-0.688665802,0.092006024,0.413516286,0.412606169,1
0.178288122,0.183962326,0.595997997,0.006466993,-1
-0.364570585,0.07041185,-0.207718303,-0.597764168,1
-0.713985372,0.078440622,0.358806322,0.097892002,1
0.23327667,-0.221962693,0.670506696,0.414898804,-1
0.100931538,0.012737669,0.116996653,-0.339527961,-1
-0.230317604,0.371178348,0.518386253,0.080849998,-1
0.720814111,0.189984255,0.194420413,-0.329517979,-1
0.149024211,0.52817583,-0.431632167,-0.050133434,-1
-0.582164394,-0.010411287,-0.396454327,-0.341774693,1
0.535796915,0.427601958,-0.399864406,-0.833944795,-1
0.207780749,0.10337235,0.363476371,0.08853386,-1
0.308493607,0.307821269,0.042623665,0.152464365,-1
-0.115372042,0.245235233,0.214067427,0.047444344,-1
0.071014615,0.477491933,-0.233525562,0.668792133,-1
-0.074989229,-0.681835241,-0.164669908,-0.277847686,-1
0.156758198,0.512330291,0.281586602,-0.200708285,-1
-0.68070886,-0.1313006,0.458423833,-0.182470808,1
0.12773571,0.37059691,0.208869444,0.432904298,-1
0.031576293,-0.103232881,-0.326077222,0.068704787,-1
-0.154458962,0.532286078,0.799966529,-0.434093382,-1
0.27409496,-0.296261516,0.312480562,0.542657441,-1
0.073148616,-0.197129721,-0.303590522,0.681180368,-1
-0.407234496,0.096986967,0.514585842,0.395908927,-1
0.10311894,-0.608588286,-0.481162597,-0.252638095,-1
-0.126165461,-0.001138832,0.117826141,-0.13725682,-1
-0.269331472,-0.054051596,-0.388339493,0.524487196,1
0.489536411,-0.04119608,0.074858941,0.563925878,-1
0.333525695,0.278928796,-0.377437895,0.521317853,-1
-0.203422694,0.520966585,0.087012085,0.628772909,-1
0.175574553,-0.155197654,-0.089532059,-0.188361099,-1
-0.595298395,0.412123385,-0.042239345,-0.117457572,1
0.235057674,0.070358246,-0.407932588,-0.630239774,-1
-0.737364304,0.360920447,-0.095703918,-0.834347646,1
